  0.0000000000E+00  0.1000000000E+01  0.1000000000E+01
  0.1000000000E-01  0.1010000000E+01  0.1010050167E+01
  0.2000000000E-01  0.1020100000E+01  0.1020201340E+01
  0.3000000000E-01  0.1030301000E+01  0.1030454534E+01
  0.4000000000E-01  0.1040604010E+01  0.1040810774E+01
  0.5000000000E-01  0.1051010050E+01  0.1051271096E+01
  0.6000000000E-01  0.1061520151E+01  0.1061836547E+01
  0.7000000000E-01  0.1072135352E+01  0.1072508181E+01
  0.8000000000E-01  0.1082856706E+01  0.1083287068E+01
  0.9000000000E-01  0.1093685273E+01  0.1094174284E+01
  0.1000000000E+00  0.1104622125E+01  0.1105170918E+01
  0.1100000000E+00  0.1115668347E+01  0.1116278070E+01
  0.1200000000E+00  0.1126825030E+01  0.1127496852E+01
  0.1300000000E+00  0.1138093280E+01  0.1138828383E+01
  0.1400000000E+00  0.1149474213E+01  0.1150273799E+01
  0.1500000000E+00  0.1160968955E+01  0.1161834243E+01
  0.1600000000E+00  0.1172578645E+01  0.1173510871E+01
  0.1700000000E+00  0.1184304431E+01  0.1185304851E+01
  0.1800000000E+00  0.1196147476E+01  0.1197217363E+01
  0.1900000000E+00  0.1208108950E+01  0.1209249598E+01
  0.2000000000E+00  0.1220190040E+01  0.1221402758E+01
  0.2100000000E+00  0.1232391940E+01  0.1233678060E+01
  0.2200000000E+00  0.1244715860E+01  0.1246076731E+01
  0.2300000000E+00  0.1257163018E+01  0.1258600010E+01
  0.2400000000E+00  0.1269734649E+01  0.1271249150E+01
  0.2500000000E+00  0.1282431995E+01  0.1284025417E+01
  0.2600000000E+00  0.1295256315E+01  0.1296930087E+01
  0.2700000000E+00  0.1308208878E+01  0.1309964451E+01
  0.2800000000E+00  0.1321290967E+01  0.1323129812E+01
  0.2900000000E+00  0.1334503877E+01  0.1336427488E+01
  0.3000000000E+00  0.1347848915E+01  0.1349858808E+01
  0.3100000000E+00  0.1361327404E+01  0.1363425114E+01
  0.3200000000E+00  0.1374940679E+01  0.1377127764E+01
  0.3300000000E+00  0.1388690085E+01  0.1390968128E+01
  0.3400000000E+00  0.1402576986E+01  0.1404947591E+01
  0.3500000000E+00  0.1416602756E+01  0.1419067549E+01
  0.3600000000E+00  0.1430768784E+01  0.1433329415E+01
  0.3700000000E+00  0.1445076471E+01  0.1447734615E+01
  0.3800000000E+00  0.1459527236E+01  0.1462284589E+01
  0.3900000000E+00  0.1474122509E+01  0.1476980794E+01
  0.4000000000E+00  0.1488863734E+01  0.1491824698E+01
  0.4100000000E+00  0.1503752371E+01  0.1506817785E+01
  0.4200000000E+00  0.1518789895E+01  0.1521961556E+01
  0.4300000000E+00  0.1533977794E+01  0.1537257524E+01
  0.4400000000E+00  0.1549317572E+01  0.1552707219E+01
  0.4500000000E+00  0.1564810747E+01  0.1568312185E+01
  0.4600000000E+00  0.1580458855E+01  0.1584073985E+01
  0.4700000000E+00  0.1596263443E+01  0.1599994193E+01
  0.4800000000E+00  0.1612226078E+01  0.1616074402E+01
  0.4900000000E+00  0.1628348338E+01  0.1632316220E+01
  0.5000000000E+00  0.1644631822E+01  0.1648721271E+01
  0.5100000000E+00  0.1661078140E+01  0.1665291195E+01
  0.5200000000E+00  0.1677688921E+01  0.1682027650E+01
  0.5300000000E+00  0.1694465811E+01  0.1698932309E+01
  0.5400000000E+00  0.1711410469E+01  0.1716006862E+01
  0.5500000000E+00  0.1728524573E+01  0.1733253018E+01
  0.5600000000E+00  0.1745809819E+01  0.1750672500E+01
  0.5700000000E+00  0.1763267917E+01  0.1768267051E+01
  0.5800000000E+00  0.1780900597E+01  0.1786038431E+01
  0.5900000000E+00  0.1798709603E+01  0.1803988415E+01
  0.6000000000E+00  0.1816696699E+01  0.1822118800E+01
  0.6100000000E+00  0.1834863666E+01  0.1840431399E+01
  0.6200000000E+00  0.1853212302E+01  0.1858928042E+01
  0.6300000000E+00  0.1871744425E+01  0.1877610579E+01
  0.6400000000E+00  0.1890461869E+01  0.1896480879E+01
  0.6500000000E+00  0.1909366488E+01  0.1915540829E+01
  0.6600000000E+00  0.1928460153E+01  0.1934792334E+01
  0.6700000000E+00  0.1947744755E+01  0.1954237321E+01
  0.6800000000E+00  0.1967222202E+01  0.1973877732E+01
  0.6900000000E+00  0.1986894424E+01  0.1993715533E+01
  0.7000000000E+00  0.2006763368E+01  0.2013752707E+01
  0.7100000000E+00  0.2026831002E+01  0.2033991259E+01
  0.7200000000E+00  0.2047099312E+01  0.2054433211E+01
  0.7300000000E+00  0.2067570305E+01  0.2075080608E+01
  0.7400000000E+00  0.2088246008E+01  0.2095935514E+01
  0.7500000000E+00  0.2109128468E+01  0.2117000017E+01
  0.7600000000E+00  0.2130219753E+01  0.2138276220E+01
  0.7700000000E+00  0.2151521951E+01  0.2159766254E+01
  0.7800000000E+00  0.2173037170E+01  0.2181472265E+01
  0.7900000000E+00  0.2194767542E+01  0.2203396426E+01
  0.8000000000E+00  0.2216715217E+01  0.2225540928E+01
  0.8100000000E+00  0.2238882369E+01  0.2247907987E+01
  0.8200000000E+00  0.2261271193E+01  0.2270499838E+01
  0.8300000000E+00  0.2283883905E+01  0.2293318740E+01
  0.8400000000E+00  0.2306722744E+01  0.2316366977E+01
  0.8500000000E+00  0.2329789971E+01  0.2339646852E+01
  0.8600000000E+00  0.2353087871E+01  0.2363160694E+01
  0.8700000000E+00  0.2376618750E+01  0.2386910854E+01
  0.8800000000E+00  0.2400384937E+01  0.2410899706E+01
  0.8900000000E+00  0.2424388787E+01  0.2435129651E+01
  0.9000000000E+00  0.2448632675E+01  0.2459603111E+01
  0.9100000000E+00  0.2473119001E+01  0.2484322533E+01
  0.9200000000E+00  0.2497850191E+01  0.2509290390E+01
  0.9300000000E+00  0.2522828693E+01  0.2534509178E+01
  0.9400000000E+00  0.2548056980E+01  0.2559981418E+01
  0.9500000000E+00  0.2573537550E+01  0.2585709659E+01
  0.9600000000E+00  0.2599272926E+01  0.2611696473E+01
  0.9700000000E+00  0.2625265655E+01  0.2637944459E+01
  0.9800000000E+00  0.2651518311E+01  0.2664456242E+01
  0.9900000000E+00  0.2678033494E+01  0.2691234472E+01
  0.1000000000E+01  0.2704813829E+01  0.2718281828E+01
  0.1010000000E+01  0.2731861968E+01  0.2745601015E+01
  0.1020000000E+01  0.2759180587E+01  0.2773194764E+01
  0.1030000000E+01  0.2786772393E+01  0.2801065835E+01
  0.1040000000E+01  0.2814640117E+01  0.2829217014E+01
  0.1050000000E+01  0.2842786518E+01  0.2857651118E+01
  0.1060000000E+01  0.2871214384E+01  0.2886370989E+01
  0.1070000000E+01  0.2899926527E+01  0.2915379500E+01
  0.1080000000E+01  0.2928925793E+01  0.2944679551E+01
  0.1090000000E+01  0.2958215051E+01  0.2974274073E+01
  0.1100000000E+01  0.2987797201E+01  0.3004166024E+01
  0.1110000000E+01  0.3017675173E+01  0.3034358394E+01
  0.1120000000E+01  0.3047851925E+01  0.3064854203E+01
  0.1130000000E+01  0.3078330444E+01  0.3095656500E+01
  0.1140000000E+01  0.3109113749E+01  0.3126768365E+01
  0.1150000000E+01  0.3140204886E+01  0.3158192910E+01
  0.1160000000E+01  0.3171606935E+01  0.3189933276E+01
  0.1170000000E+01  0.3203323004E+01  0.3221992639E+01
  0.1180000000E+01  0.3235356234E+01  0.3254374203E+01
  0.1190000000E+01  0.3267709797E+01  0.3287081207E+01
  0.1200000000E+01  0.3300386895E+01  0.3320116923E+01
  0.1210000000E+01  0.3333390764E+01  0.3353484653E+01
  0.1220000000E+01  0.3366724671E+01  0.3387187734E+01
  0.1230000000E+01  0.3400391918E+01  0.3421229536E+01
  0.1240000000E+01  0.3434395837E+01  0.3455613465E+01
  0.1250000000E+01  0.3468739795E+01  0.3490342957E+01
  0.1260000000E+01  0.3503427193E+01  0.3525421487E+01
  0.1270000000E+01  0.3538461465E+01  0.3560852562E+01
  0.1280000000E+01  0.3573846080E+01  0.3596639726E+01
  0.1290000000E+01  0.3609584541E+01  0.3632786556E+01
  0.1300000000E+01  0.3645680386E+01  0.3669296668E+01
  0.1310000000E+01  0.3682137190E+01  0.3706173712E+01
  0.1320000000E+01  0.3718958562E+01  0.3743421377E+01
  0.1330000000E+01  0.3756148148E+01  0.3781043388E+01
  0.1340000000E+01  0.3793709629E+01  0.3819043505E+01
  0.1350000000E+01  0.3831646725E+01  0.3857425531E+01
  0.1360000000E+01  0.3869963193E+01  0.3896193302E+01
  0.1370000000E+01  0.3908662824E+01  0.3935350695E+01
  0.1380000000E+01  0.3947749453E+01  0.3974901627E+01
  0.1390000000E+01  0.3987226947E+01  0.4014850053E+01
  0.1400000000E+01  0.4027099217E+01  0.4055199967E+01
  0.1410000000E+01  0.4067370209E+01  0.4095955404E+01
  0.1420000000E+01  0.4108043911E+01  0.4137120440E+01
  0.1430000000E+01  0.4149124350E+01  0.4178699192E+01
  0.1440000000E+01  0.4190615594E+01  0.4220695817E+01
  0.1450000000E+01  0.4232521750E+01  0.4263114515E+01
  0.1460000000E+01  0.4274846967E+01  0.4305959528E+01
  0.1470000000E+01  0.4317595437E+01  0.4349235141E+01
  0.1480000000E+01  0.4360771391E+01  0.4392945681E+01
  0.1490000000E+01  0.4404379105E+01  0.4437095519E+01
  0.1500000000E+01  0.4448422896E+01  0.4481689070E+01
  0.1510000000E+01  0.4492907125E+01  0.4526730794E+01
  0.1520000000E+01  0.4537836196E+01  0.4572225195E+01
  0.1530000000E+01  0.4583214558E+01  0.4618176822E+01
  0.1540000000E+01  0.4629046704E+01  0.4664590271E+01
  0.1550000000E+01  0.4675337171E+01  0.4711470183E+01
  0.1560000000E+01  0.4722090543E+01  0.4758821245E+01
  0.1570000000E+01  0.4769311448E+01  0.4806648194E+01
  0.1580000000E+01  0.4817004562E+01  0.4854955811E+01
  0.1590000000E+01  0.4865174608E+01  0.4903748928E+01
  0.1600000000E+01  0.4913826354E+01  0.4953032424E+01
  0.1610000000E+01  0.4962964618E+01  0.5002811228E+01
  0.1620000000E+01  0.5012594264E+01  0.5053090317E+01
  0.1630000000E+01  0.5062720206E+01  0.5103874719E+01
  0.1640000000E+01  0.5113347409E+01  0.5155169512E+01
  0.1650000000E+01  0.5164480883E+01  0.5206979827E+01
  0.1660000000E+01  0.5216125691E+01  0.5259310844E+01
  0.1670000000E+01  0.5268286948E+01  0.5312167797E+01
  0.1680000000E+01  0.5320969818E+01  0.5365555971E+01
  0.1690000000E+01  0.5374179516E+01  0.5419480705E+01
  0.1700000000E+01  0.5427921311E+01  0.5473947392E+01
  0.1710000000E+01  0.5482200524E+01  0.5528961478E+01
  0.1720000000E+01  0.5537022530E+01  0.5584528464E+01
  0.1730000000E+01  0.5592392755E+01  0.5640653908E+01
  0.1740000000E+01  0.5648316682E+01  0.5697343423E+01
  0.1750000000E+01  0.5704799849E+01  0.5754602676E+01
  0.1760000000E+01  0.5761847848E+01  0.5812437394E+01
  0.1770000000E+01  0.5819466326E+01  0.5870853361E+01
  0.1780000000E+01  0.5877660989E+01  0.5929856419E+01
  0.1790000000E+01  0.5936437599E+01  0.5989452466E+01
  0.1800000000E+01  0.5995801975E+01  0.6049647464E+01
  0.1810000000E+01  0.6055759995E+01  0.6110447432E+01
  0.1820000000E+01  0.6116317595E+01  0.6171858450E+01
  0.1830000000E+01  0.6177480771E+01  0.6233886659E+01
  0.1840000000E+01  0.6239255579E+01  0.6296538261E+01
  0.1850000000E+01  0.6301648135E+01  0.6359819523E+01
  0.1860000000E+01  0.6364664616E+01  0.6423736771E+01
  0.1870000000E+01  0.6428311262E+01  0.6488296399E+01
  0.1880000000E+01  0.6492594375E+01  0.6553504862E+01
  0.1890000000E+01  0.6557520318E+01  0.6619368681E+01
  0.1900000000E+01  0.6623095522E+01  0.6685894442E+01
  0.1910000000E+01  0.6689326477E+01  0.6753088799E+01
  0.1920000000E+01  0.6756219742E+01  0.6820958469E+01
  0.1930000000E+01  0.6823781939E+01  0.6889510242E+01
  0.1940000000E+01  0.6892019758E+01  0.6958750971E+01
  0.1950000000E+01  0.6960939956E+01  0.7028687581E+01
  0.1960000000E+01  0.7030549355E+01  0.7099327065E+01
  0.1970000000E+01  0.7100854849E+01  0.7170676488E+01
  0.1980000000E+01  0.7171863398E+01  0.7242742985E+01
  0.1990000000E+01  0.7243582032E+01  0.7315533762E+01
  0.2000000000E+01  0.7316017852E+01  0.7389056099E+01
  0.2010000000E+01  0.7389178030E+01  0.7463317347E+01
  0.2020000000E+01  0.7463069811E+01  0.7538324934E+01
  0.2030000000E+01  0.7537700509E+01  0.7614086359E+01
  0.2040000000E+01  0.7613077514E+01  0.7690609199E+01
  0.2050000000E+01  0.7689208289E+01  0.7767901106E+01
  0.2060000000E+01  0.7766100372E+01  0.7845969810E+01
  0.2070000000E+01  0.7843761376E+01  0.7924823118E+01
  0.2080000000E+01  0.7922198989E+01  0.8004468914E+01
  0.2090000000E+01  0.8001420979E+01  0.8084915164E+01
  0.2100000000E+01  0.8081435189E+01  0.8166169913E+01
  0.2110000000E+01  0.8162249541E+01  0.8248241285E+01
  0.2120000000E+01  0.8243872036E+01  0.8331137488E+01
  0.2130000000E+01  0.8326310757E+01  0.8414866811E+01
  0.2140000000E+01  0.8409573864E+01  0.8499437629E+01
  0.2150000000E+01  0.8493669603E+01  0.8584858397E+01
  0.2160000000E+01  0.8578606299E+01  0.8671137658E+01
  0.2170000000E+01  0.8664392362E+01  0.8758284041E+01
  0.2180000000E+01  0.8751036286E+01  0.8846306259E+01
  0.2190000000E+01  0.8838546648E+01  0.8935213115E+01
  0.2200000000E+01  0.8926932115E+01  0.9025013499E+01
  0.2210000000E+01  0.9016201436E+01  0.9115716393E+01
  0.2220000000E+01  0.9106363450E+01  0.9207330866E+01
  0.2230000000E+01  0.9197427085E+01  0.9299866079E+01
  0.2240000000E+01  0.9289401356E+01  0.9393331287E+01
  0.2250000000E+01  0.9382295369E+01  0.9487735836E+01
  0.2260000000E+01  0.9476118323E+01  0.9583089167E+01
  0.2270000000E+01  0.9570879506E+01  0.9679400814E+01
  0.2280000000E+01  0.9666588301E+01  0.9776680410E+01
  0.2290000000E+01  0.9763254184E+01  0.9874937681E+01
  0.2300000000E+01  0.9860886726E+01  0.9974182455E+01
  0.2310000000E+01  0.9959495593E+01  0.1007442466E+02
  0.2320000000E+01  0.1005909055E+02  0.1017567431E+02
  0.2330000000E+01  0.1015968145E+02  0.1027794153E+02
  0.2340000000E+01  0.1026127827E+02  0.1038123656E+02
  0.2350000000E+01  0.1036389105E+02  0.1048556972E+02
  0.2360000000E+01  0.1046752996E+02  0.1059095145E+02
  0.2370000000E+01  0.1057220526E+02  0.1069739228E+02
  0.2380000000E+01  0.1067792731E+02  0.1080490286E+02
  0.2390000000E+01  0.1078470659E+02  0.1091349394E+02
  0.2400000000E+01  0.1089255365E+02  0.1102317638E+02
  0.2410000000E+01  0.1100147919E+02  0.1113396115E+02
  0.2420000000E+01  0.1111149398E+02  0.1124585931E+02
  0.2430000000E+01  0.1122260892E+02  0.1135888208E+02
  0.2440000000E+01  0.1133483501E+02  0.1147304074E+02
  0.2450000000E+01  0.1144818336E+02  0.1158834672E+02
  0.2460000000E+01  0.1156266520E+02  0.1170481154E+02
  0.2470000000E+01  0.1167829185E+02  0.1182244685E+02
  0.2480000000E+01  0.1179507477E+02  0.1194126442E+02
  0.2490000000E+01  0.1191302551E+02  0.1206127612E+02
  0.2500000000E+01  0.1203215577E+02  0.1218249396E+02
  0.2510000000E+01  0.1215247733E+02  0.1230493006E+02
  0.2520000000E+01  0.1227400210E+02  0.1242859666E+02
  0.2530000000E+01  0.1239674212E+02  0.1255350614E+02
  0.2540000000E+01  0.1252070954E+02  0.1267967097E+02
  0.2550000000E+01  0.1264591664E+02  0.1280710378E+02
  0.2560000000E+01  0.1277237580E+02  0.1293581732E+02
  0.2570000000E+01  0.1290009956E+02  0.1306582444E+02
  0.2580000000E+01  0.1302910056E+02  0.1319713816E+02
  0.2590000000E+01  0.1315939156E+02  0.1332977160E+02
  0.2600000000E+01  0.1329098548E+02  0.1346373804E+02
  0.2610000000E+01  0.1342389533E+02  0.1359905085E+02
  0.2620000000E+01  0.1355813429E+02  0.1373572359E+02
  0.2630000000E+01  0.1369371563E+02  0.1387376990E+02
  0.2640000000E+01  0.1383065279E+02  0.1401320361E+02
  0.2650000000E+01  0.1396895931E+02  0.1415403865E+02
  0.2660000000E+01  0.1410864891E+02  0.1429628910E+02
  0.2670000000E+01  0.1424973540E+02  0.1443996919E+02
  0.2680000000E+01  0.1439223275E+02  0.1458509330E+02
  0.2690000000E+01  0.1453615508E+02  0.1473167592E+02
  0.2700000000E+01  0.1468151663E+02  0.1487973172E+02
  0.2710000000E+01  0.1482833179E+02  0.1502927551E+02
  0.2720000000E+01  0.1497661511E+02  0.1518032224E+02
  0.2730000000E+01  0.1512638126E+02  0.1533288702E+02
  0.2740000000E+01  0.1527764508E+02  0.1548698510E+02
  0.2750000000E+01  0.1543042153E+02  0.1564263188E+02
  0.2760000000E+01  0.1558472574E+02  0.1579984295E+02
  0.2770000000E+01  0.1574057300E+02  0.1595863401E+02
  0.2780000000E+01  0.1589797873E+02  0.1611902095E+02
  0.2790000000E+01  0.1605695852E+02  0.1628101980E+02
  0.2800000000E+01  0.1621752810E+02  0.1644464677E+02
  0.2810000000E+01  0.1637970338E+02  0.1660991822E+02
  0.2820000000E+01  0.1654350042E+02  0.1677685067E+02
  0.2830000000E+01  0.1670893542E+02  0.1694546082E+02
  0.2840000000E+01  0.1687602477E+02  0.1711576554E+02
  0.2850000000E+01  0.1704478502E+02  0.1728778184E+02
  0.2860000000E+01  0.1721523287E+02  0.1746152694E+02
  0.2870000000E+01  0.1738738520E+02  0.1763701820E+02
  0.2880000000E+01  0.1756125905E+02  0.1781427318E+02
  0.2890000000E+01  0.1773687164E+02  0.1799330960E+02
  0.2900000000E+01  0.1791424036E+02  0.1817414537E+02
  0.2910000000E+01  0.1809338276E+02  0.1835679857E+02
  0.2920000000E+01  0.1827431659E+02  0.1854128746E+02
  0.2930000000E+01  0.1845705976E+02  0.1872763050E+02
  0.2940000000E+01  0.1864163036E+02  0.1891584631E+02
  0.2950000000E+01  0.1882804666E+02  0.1910595373E+02
  0.2960000000E+01  0.1901632713E+02  0.1929797176E+02
  0.2970000000E+01  0.1920649040E+02  0.1949191960E+02
  0.2980000000E+01  0.1939855530E+02  0.1968781664E+02
  0.2990000000E+01  0.1959254085E+02  0.1988568249E+02
  0.3000000000E+01  0.1978846626E+02  0.2008553692E+02
  0.3010000000E+01  0.1998635092E+02  0.2028739993E+02
  0.3020000000E+01  0.2018621443E+02  0.2049129168E+02
  0.3030000000E+01  0.2038807658E+02  0.2069723259E+02
  0.3040000000E+01  0.2059195734E+02  0.2090524324E+02
  0.3050000000E+01  0.2079787692E+02  0.2111534442E+02
  0.3060000000E+01  0.2100585569E+02  0.2132755716E+02
  0.3070000000E+01  0.2121591424E+02  0.2154190268E+02
  0.3080000000E+01  0.2142807339E+02  0.2175840240E+02
  0.3090000000E+01  0.2164235412E+02  0.2197707798E+02
  0.3100000000E+01  0.2185877766E+02  0.2219795128E+02
  0.3110000000E+01  0.2207736544E+02  0.2242104440E+02
  0.3120000000E+01  0.2229813909E+02  0.2264637964E+02
  0.3130000000E+01  0.2252112048E+02  0.2287397954E+02
  0.3140000000E+01  0.2274633169E+02  0.2310386686E+02
  0.3150000000E+01  0.2297379500E+02  0.2333606458E+02
  0.3160000000E+01  0.2320353295E+02  0.2357059593E+02
  0.3170000000E+01  0.2343556828E+02  0.2380748436E+02
  0.3180000000E+01  0.2366992397E+02  0.2404675355E+02
  0.3190000000E+01  0.2390662321E+02  0.2428842744E+02
  0.3200000000E+01  0.2414568944E+02  0.2453253020E+02
  0.3210000000E+01  0.2438714633E+02  0.2477908622E+02
  0.3220000000E+01  0.2463101780E+02  0.2502812018E+02
  0.3230000000E+01  0.2487732797E+02  0.2527965697E+02
  0.3240000000E+01  0.2512610125E+02  0.2553372175E+02
  0.3250000000E+01  0.2537736227E+02  0.2579033992E+02
  0.3260000000E+01  0.2563113589E+02  0.2604953714E+02
  0.3270000000E+01  0.2588744725E+02  0.2631133934E+02
  0.3280000000E+01  0.2614632172E+02  0.2657577270E+02
  0.3290000000E+01  0.2640778494E+02  0.2684286366E+02
  0.3300000000E+01  0.2667186279E+02  0.2711263892E+02
  0.3310000000E+01  0.2693858142E+02  0.2738512547E+02
  0.3320000000E+01  0.2720796723E+02  0.2766035056E+02
  0.3330000000E+01  0.2748004690E+02  0.2793834170E+02
  0.3340000000E+01  0.2775484737E+02  0.2821912671E+02
  0.3350000000E+01  0.2803239584E+02  0.2850273364E+02
  0.3360000000E+01  0.2831271980E+02  0.2878919088E+02
  0.3370000000E+01  0.2859584700E+02  0.2907852706E+02
  0.3380000000E+01  0.2888180547E+02  0.2937077111E+02
  0.3390000000E+01  0.2917062353E+02  0.2966595227E+02
  0.3400000000E+01  0.2946232976E+02  0.2996410005E+02
  0.3410000000E+01  0.2975695306E+02  0.3026524426E+02
  0.3420000000E+01  0.3005452259E+02  0.3056941502E+02
  0.3430000000E+01  0.3035506781E+02  0.3087664275E+02
  0.3440000000E+01  0.3065861849E+02  0.3118695817E+02
  0.3450000000E+01  0.3096520468E+02  0.3150039231E+02
  0.3460000000E+01  0.3127485672E+02  0.3181697651E+02
  0.3470000000E+01  0.3158760529E+02  0.3213674244E+02
  0.3480000000E+01  0.3190348134E+02  0.3245972208E+02
  0.3490000000E+01  0.3222251616E+02  0.3278594771E+02
  0.3500000000E+01  0.3254474132E+02  0.3311545196E+02
  0.3510000000E+01  0.3287018873E+02  0.3344826778E+02
  0.3520000000E+01  0.3319889062E+02  0.3378442846E+02
  0.3530000000E+01  0.3353087953E+02  0.3412396761E+02
  0.3540000000E+01  0.3386618832E+02  0.3446691919E+02
  0.3550000000E+01  0.3420485021E+02  0.3481331749E+02
  0.3560000000E+01  0.3454689871E+02  0.3516319715E+02
  0.3570000000E+01  0.3489236769E+02  0.3551659315E+02
  0.3580000000E+01  0.3524129137E+02  0.3587354085E+02
  0.3590000000E+01  0.3559370428E+02  0.3623407593E+02
  0.3600000000E+01  0.3594964133E+02  0.3659823444E+02
  0.3610000000E+01  0.3630913774E+02  0.3696605281E+02
  0.3620000000E+01  0.3667222912E+02  0.3733756782E+02
  0.3630000000E+01  0.3703895141E+02  0.3771281662E+02
  0.3640000000E+01  0.3740934092E+02  0.3809183673E+02
  0.3650000000E+01  0.3778343433E+02  0.3847466605E+02
  0.3660000000E+01  0.3816126868E+02  0.3886134287E+02
  0.3670000000E+01  0.3854288136E+02  0.3925190586E+02
  0.3680000000E+01  0.3892831018E+02  0.3964639407E+02
  0.3690000000E+01  0.3931759328E+02  0.4004484696E+02
  0.3700000000E+01  0.3971076921E+02  0.4044730436E+02
  0.3710000000E+01  0.4010787690E+02  0.4085380653E+02
  0.3720000000E+01  0.4050895567E+02  0.4126439411E+02
  0.3730000000E+01  0.4091404523E+02  0.4167910816E+02
  0.3740000000E+01  0.4132318568E+02  0.4209799016E+02
  0.3750000000E+01  0.4173641754E+02  0.4252108200E+02
  0.3760000000E+01  0.4215378171E+02  0.4294842598E+02
  0.3770000000E+01  0.4257531953E+02  0.4338006484E+02
  0.3780000000E+01  0.4300107273E+02  0.4381604174E+02
  0.3790000000E+01  0.4343108345E+02  0.4425640028E+02
  0.3800000000E+01  0.4386539429E+02  0.4470118449E+02
  0.3810000000E+01  0.4430404823E+02  0.4515043887E+02
  0.3820000000E+01  0.4474708871E+02  0.4560420832E+02
  0.3830000000E+01  0.4519455960E+02  0.4606253823E+02
  0.3840000000E+01  0.4564650520E+02  0.4652547444E+02
  0.3850000000E+01  0.4610297025E+02  0.4699306323E+02
  0.3860000000E+01  0.4656399995E+02  0.4746535137E+02
  0.3870000000E+01  0.4702963995E+02  0.4794238608E+02
  0.3880000000E+01  0.4749993635E+02  0.4842421507E+02
  0.3890000000E+01  0.4797493571E+02  0.4891088652E+02
  0.3900000000E+01  0.4845468507E+02  0.4940244911E+02
  0.3910000000E+01  0.4893923192E+02  0.4989895197E+02
  0.3920000000E+01  0.4942862424E+02  0.5040044478E+02
  0.3930000000E+01  0.4992291048E+02  0.5090697767E+02
  0.3940000000E+01  0.5042213959E+02  0.5141860130E+02
  0.3950000000E+01  0.5092636098E+02  0.5193536683E+02
  0.3960000000E+01  0.5143562459E+02  0.5245732595E+02
  0.3970000000E+01  0.5194998084E+02  0.5298453084E+02
  0.3980000000E+01  0.5246948065E+02  0.5351703423E+02
  0.3990000000E+01  0.5299417545E+02  0.5405488936E+02
  0.4000000000E+01  0.5352411721E+02  0.5459815003E+02
  0.4010000000E+01  0.5405935838E+02  0.5514687056E+02
  0.4020000000E+01  0.5459995196E+02  0.5570110583E+02
  0.4030000000E+01  0.5514595148E+02  0.5626091125E+02
  0.4040000000E+01  0.5569741100E+02  0.5682634281E+02
  0.4050000000E+01  0.5625438511E+02  0.5739745705E+02
  0.4060000000E+01  0.5681692896E+02  0.5797431108E+02
  0.4070000000E+01  0.5738509825E+02  0.5855696259E+02
  0.4080000000E+01  0.5795894923E+02  0.5914546985E+02
  0.4090000000E+01  0.5853853872E+02  0.5973989170E+02
  0.4100000000E+01  0.5912392411E+02  0.6034028760E+02
  0.4110000000E+01  0.5971516335E+02  0.6094671757E+02
  0.4120000000E+01  0.6031231499E+02  0.6155924226E+02
  0.4130000000E+01  0.6091543814E+02  0.6217792293E+02
  0.4140000000E+01  0.6152459252E+02  0.6280282145E+02
  0.4150000000E+01  0.6213983844E+02  0.6343400030E+02
  0.4160000000E+01  0.6276123683E+02  0.6407152260E+02
  0.4170000000E+01  0.6338884920E+02  0.6471545211E+02
  0.4180000000E+01  0.6402273769E+02  0.6536585321E+02
  0.4190000000E+01  0.6466296506E+02  0.6602279096E+02
  0.4200000000E+01  0.6530959471E+02  0.6668633104E+02
  0.4210000000E+01  0.6596269066E+02  0.6735653981E+02
  0.4220000000E+01  0.6662231757E+02  0.6803348429E+02
  0.4230000000E+01  0.6728854074E+02  0.6871723217E+02
  0.4240000000E+01  0.6796142615E+02  0.6940785184E+02
  0.4250000000E+01  0.6864104041E+02  0.7010541235E+02
  0.4260000000E+01  0.6932745082E+02  0.7080998345E+02
  0.4270000000E+01  0.7002072533E+02  0.7152163562E+02
  0.4280000000E+01  0.7072093258E+02  0.7224044001E+02
  0.4290000000E+01  0.7142814190E+02  0.7296646850E+02
  0.4300000000E+01  0.7214242332E+02  0.7369979370E+02
  0.4310000000E+01  0.7286384756E+02  0.7444048894E+02
  0.4320000000E+01  0.7359248603E+02  0.7518862829E+02
  0.4330000000E+01  0.7432841089E+02  0.7594428657E+02
  0.4340000000E+01  0.7507169500E+02  0.7670753934E+02
  0.4350000000E+01  0.7582241195E+02  0.7747846293E+02
  0.4360000000E+01  0.7658063607E+02  0.7825713442E+02
  0.4370000000E+01  0.7734644243E+02  0.7904363170E+02
  0.4380000000E+01  0.7811990686E+02  0.7983803341E+02
  0.4390000000E+01  0.7890110592E+02  0.8064041898E+02
  0.4400000000E+01  0.7969011698E+02  0.8145086866E+02
  0.4410000000E+01  0.8048701815E+02  0.8226946350E+02
  0.4420000000E+01  0.8129188834E+02  0.8309628536E+02
  0.4430000000E+01  0.8210480722E+02  0.8393141691E+02
  0.4440000000E+01  0.8292585529E+02  0.8477494167E+02
  0.4450000000E+01  0.8375511384E+02  0.8562694400E+02
  0.4460000000E+01  0.8459266498E+02  0.8648750910E+02
  0.4470000000E+01  0.8543859163E+02  0.8735672301E+02
  0.4480000000E+01  0.8629297755E+02  0.8823467268E+02
  0.4490000000E+01  0.8715590732E+02  0.8912144588E+02
  0.4500000000E+01  0.8802746640E+02  0.9001713130E+02
  0.4510000000E+01  0.8890774106E+02  0.9092181851E+02
  0.4520000000E+01  0.8979681847E+02  0.9183559798E+02
  0.4530000000E+01  0.9069478666E+02  0.9275856108E+02
  0.4540000000E+01  0.9160173452E+02  0.9369080012E+02
  0.4550000000E+01  0.9251775187E+02  0.9463240831E+02
  0.4560000000E+01  0.9344292939E+02  0.9558347983E+02
  0.4570000000E+01  0.9437735868E+02  0.9654410977E+02
  0.4580000000E+01  0.9532113227E+02  0.9751439421E+02
  0.4590000000E+01  0.9627434359E+02  0.9849443016E+02
  0.4600000000E+01  0.9723708703E+02  0.9948431564E+02
  0.4610000000E+01  0.9820945790E+02  0.1004841496E+03
  0.4620000000E+01  0.9919155248E+02  0.1014940321E+03
  0.4630000000E+01  0.1001834680E+03  0.1025140641E+03
  0.4640000000E+01  0.1011853027E+03  0.1035443476E+03
  0.4650000000E+01  0.1021971557E+03  0.1045849856E+03
  0.4660000000E+01  0.1032191273E+03  0.1056360822E+03
  0.4670000000E+01  0.1042513185E+03  0.1066977424E+03
  0.4680000000E+01  0.1052938317E+03  0.1077700726E+03
  0.4690000000E+01  0.1063467700E+03  0.1088531798E+03
  0.4700000000E+01  0.1074102377E+03  0.1099471725E+03
  0.4710000000E+01  0.1084843401E+03  0.1110521599E+03
  0.4720000000E+01  0.1095691835E+03  0.1121682527E+03
  0.4730000000E+01  0.1106648754E+03  0.1132955623E+03
  0.4740000000E+01  0.1117715241E+03  0.1144342017E+03
  0.4750000000E+01  0.1128892393E+03  0.1155842845E+03
  0.4760000000E+01  0.1140181317E+03  0.1167459259E+03
  0.4770000000E+01  0.1151583131E+03  0.1179192420E+03
  0.4780000000E+01  0.1163098962E+03  0.1191043500E+03
  0.4790000000E+01  0.1174729952E+03  0.1203013687E+03
  0.4800000000E+01  0.1186477251E+03  0.1215104175E+03
  0.4810000000E+01  0.1198342024E+03  0.1227316175E+03
  0.4820000000E+01  0.1210325444E+03  0.1239650908E+03
  0.4830000000E+01  0.1222428698E+03  0.1252109607E+03
  0.4840000000E+01  0.1234652985E+03  0.1264693517E+03
  0.4850000000E+01  0.1246999515E+03  0.1277403898E+03
  0.4860000000E+01  0.1259469510E+03  0.1290242021E+03
  0.4870000000E+01  0.1272064205E+03  0.1303209169E+03
  0.4880000000E+01  0.1284784847E+03  0.1316306639E+03
  0.4890000000E+01  0.1297632696E+03  0.1329535741E+03
  0.4900000000E+01  0.1310609023E+03  0.1342897797E+03
  0.4910000000E+01  0.1323715113E+03  0.1356394144E+03
  0.4920000000E+01  0.1336952264E+03  0.1370026132E+03
  0.4930000000E+01  0.1350321787E+03  0.1383795123E+03
  0.4940000000E+01  0.1363825005E+03  0.1397702496E+03
  0.4950000000E+01  0.1377463255E+03  0.1411749639E+03
  0.4960000000E+01  0.1391237887E+03  0.1425937959E+03
  0.4970000000E+01  0.1405150266E+03  0.1440268874E+03
  0.4980000000E+01  0.1419201769E+03  0.1454743817E+03
  0.4990000000E+01  0.1433393786E+03  0.1469364235E+03
  0.5000000000E+01  0.1447727724E+03  0.1484131591E+03
  0.5010000000E+01  0.1462205002E+03  0.1499047361E+03
  0.5020000000E+01  0.1476827052E+03  0.1514113038E+03
  0.5030000000E+01  0.1491595322E+03  0.1529330127E+03
  0.5040000000E+01  0.1506511275E+03  0.1544700150E+03
  0.5050000000E+01  0.1521576388E+03  0.1560224645E+03
  0.5060000000E+01  0.1536792152E+03  0.1575905163E+03
  0.5070000000E+01  0.1552160073E+03  0.1591743273E+03
  0.5080000000E+01  0.1567681674E+03  0.1607740559E+03
  0.5090000000E+01  0.1583358491E+03  0.1623898621E+03
  0.5100000000E+01  0.1599192076E+03  0.1640219073E+03
  0.5110000000E+01  0.1615183997E+03  0.1656703549E+03
  0.5120000000E+01  0.1631335837E+03  0.1673353696E+03
  0.5130000000E+01  0.1647649195E+03  0.1690171180E+03
  0.5140000000E+01  0.1664125687E+03  0.1707157683E+03
  0.5150000000E+01  0.1680766944E+03  0.1724314903E+03
  0.5160000000E+01  0.1697574613E+03  0.1741644556E+03
  0.5170000000E+01  0.1714550359E+03  0.1759148375E+03
  0.5180000000E+01  0.1731695863E+03  0.1776828110E+03
  0.5190000000E+01  0.1749012822E+03  0.1794685529E+03
  0.5200000000E+01  0.1766502950E+03  0.1812722419E+03
  0.5210000000E+01  0.1784167979E+03  0.1830940582E+03
  0.5220000000E+01  0.1802009659E+03  0.1849341841E+03
  0.5230000000E+01  0.1820029756E+03  0.1867928035E+03
  0.5240000000E+01  0.1838230053E+03  0.1886701024E+03
  0.5250000000E+01  0.1856612354E+03  0.1905662685E+03
  0.5260000000E+01  0.1875178477E+03  0.1924814913E+03
  0.5270000000E+01  0.1893930262E+03  0.1944159624E+03
  0.5280000000E+01  0.1912869565E+03  0.1963698754E+03
  0.5290000000E+01  0.1931998260E+03  0.1983434254E+03
  0.5300000000E+01  0.1951318243E+03  0.2003368100E+03
  0.5310000000E+01  0.1970831425E+03  0.2023502284E+03
  0.5320000000E+01  0.1990539740E+03  0.2043838820E+03
  0.5330000000E+01  0.2010445137E+03  0.2064379742E+03
  0.5340000000E+01  0.2030549588E+03  0.2085127103E+03
  0.5350000000E+01  0.2050855084E+03  0.2106082979E+03
  0.5360000000E+01  0.2071363635E+03  0.2127249464E+03
  0.5370000000E+01  0.2092077271E+03  0.2148628677E+03
  0.5380000000E+01  0.2112998044E+03  0.2170222754E+03
  0.5390000000E+01  0.2134128025E+03  0.2192033856E+03
  0.5400000000E+01  0.2155469305E+03  0.2214064162E+03
  0.5410000000E+01  0.2177023998E+03  0.2236315877E+03
  0.5420000000E+01  0.2198794238E+03  0.2258791225E+03
  0.5430000000E+01  0.2220782180E+03  0.2281492454E+03
  0.5440000000E+01  0.2242990002E+03  0.2304421835E+03
  0.5450000000E+01  0.2265419902E+03  0.2327581659E+03
  0.5460000000E+01  0.2288074101E+03  0.2350974244E+03
  0.5470000000E+01  0.2310954842E+03  0.2374601928E+03
  0.5480000000E+01  0.2334064391E+03  0.2398467074E+03
  0.5490000000E+01  0.2357405034E+03  0.2422572069E+03
  0.5500000000E+01  0.2380979085E+03  0.2446919323E+03
  0.5510000000E+01  0.2404788876E+03  0.2471511271E+03
  0.5520000000E+01  0.2428836764E+03  0.2496350372E+03
  0.5530000000E+01  0.2453125132E+03  0.2521439110E+03
  0.5540000000E+01  0.2477656383E+03  0.2546779995E+03
  0.5550000000E+01  0.2502432947E+03  0.2572375559E+03
  0.5560000000E+01  0.2527457277E+03  0.2598228363E+03
  0.5570000000E+01  0.2552731849E+03  0.2624340992E+03
  0.5580000000E+01  0.2578259168E+03  0.2650716058E+03
  0.5590000000E+01  0.2604041760E+03  0.2677356197E+03
  0.5600000000E+01  0.2630082177E+03  0.2704264074E+03
  0.5610000000E+01  0.2656382999E+03  0.2731442380E+03
  0.5620000000E+01  0.2682946829E+03  0.2758893832E+03
  0.5630000000E+01  0.2709776297E+03  0.2786621176E+03
  0.5640000000E+01  0.2736874060E+03  0.2814627185E+03
  0.5650000000E+01  0.2764242801E+03  0.2842914658E+03
  0.5660000000E+01  0.2791885229E+03  0.2871486426E+03
  0.5670000000E+01  0.2819804081E+03  0.2900345344E+03
  0.5680000000E+01  0.2848002122E+03  0.2929494299E+03
  0.5690000000E+01  0.2876482143E+03  0.2958936206E+03
  0.5700000000E+01  0.2905246965E+03  0.2988674010E+03
  0.5710000000E+01  0.2934299434E+03  0.3018710683E+03
  0.5720000000E+01  0.2963642429E+03  0.3049049230E+03
  0.5730000000E+01  0.2993278853E+03  0.3079692684E+03
  0.5740000000E+01  0.3023211641E+03  0.3110644110E+03
  0.5750000000E+01  0.3053443758E+03  0.3141906603E+03
  0.5760000000E+01  0.3083978195E+03  0.3173483289E+03
  0.5770000000E+01  0.3114817977E+03  0.3205377326E+03
  0.5780000000E+01  0.3145966157E+03  0.3237591904E+03
  0.5790000000E+01  0.3177425819E+03  0.3270130244E+03
  0.5800000000E+01  0.3209200077E+03  0.3302995599E+03
  0.5810000000E+01  0.3241292078E+03  0.3336191257E+03
  0.5820000000E+01  0.3273704998E+03  0.3369720536E+03
  0.5830000000E+01  0.3306442048E+03  0.3403586791E+03
  0.5840000000E+01  0.3339506469E+03  0.3437793407E+03
  0.5850000000E+01  0.3372901534E+03  0.3472343805E+03
  0.5860000000E+01  0.3406630549E+03  0.3507241440E+03
  0.5870000000E+01  0.3440696854E+03  0.3542489803E+03
  0.5880000000E+01  0.3475103823E+03  0.3578092417E+03
  0.5890000000E+01  0.3509854861E+03  0.3614052844E+03
  0.5900000000E+01  0.3544953410E+03  0.3650374679E+03
  0.5910000000E+01  0.3580402944E+03  0.3687061554E+03
  0.5920000000E+01  0.3616206973E+03  0.3724117139E+03
  0.5930000000E+01  0.3652369043E+03  0.3761545138E+03
  0.5940000000E+01  0.3688892733E+03  0.3799349295E+03
  0.5950000000E+01  0.3725781661E+03  0.3837533391E+03
  0.5960000000E+01  0.3763039477E+03  0.3876101242E+03
  0.5970000000E+01  0.3800669872E+03  0.3915056707E+03
  0.5980000000E+01  0.3838676571E+03  0.3954403682E+03
  0.5990000000E+01  0.3877063337E+03  0.3994146099E+03
  0.6000000000E+01  0.3915833970E+03  0.4034287935E+03
  0.6010000000E+01  0.3954992310E+03  0.4074833203E+03
  0.6020000000E+01  0.3994542233E+03  0.4115785957E+03
  0.6030000000E+01  0.4034487655E+03  0.4157150294E+03
  0.6040000000E+01  0.4074832532E+03  0.4198930349E+03
  0.6050000000E+01  0.4115580857E+03  0.4241130300E+03
  0.6060000000E+01  0.4156736666E+03  0.4283754369E+03
  0.6070000000E+01  0.4198304032E+03  0.4326806816E+03
  0.6080000000E+01  0.4240287073E+03  0.4370291947E+03
  0.6090000000E+01  0.4282689943E+03  0.4414214111E+03
  0.6100000000E+01  0.4325516843E+03  0.4458577701E+03
  0.6110000000E+01  0.4368772011E+03  0.4503387152E+03
  0.6120000000E+01  0.4412459731E+03  0.4548646945E+03
  0.6130000000E+01  0.4456584329E+03  0.4594361607E+03
  0.6140000000E+01  0.4501150172E+03  0.4640535709E+03
  0.6150000000E+01  0.4546161674E+03  0.4687173868E+03
  0.6160000000E+01  0.4591623290E+03  0.4734280748E+03
  0.6170000000E+01  0.4637539523E+03  0.4781861061E+03
  0.6180000000E+01  0.4683914918E+03  0.4829919564E+03
  0.6190000000E+01  0.4730754068E+03  0.4878461062E+03
  0.6200000000E+01  0.4778061608E+03  0.4927490411E+03
  0.6210000000E+01  0.4825842224E+03  0.4977012513E+03
  0.6220000000E+01  0.4874100647E+03  0.5027032320E+03
  0.6230000000E+01  0.4922841653E+03  0.5077554835E+03
  0.6240000000E+01  0.4972070070E+03  0.5128585109E+03
  0.6250000000E+01  0.5021790770E+03  0.5180128247E+03
  0.6260000000E+01  0.5072008678E+03  0.5232189401E+03
  0.6270000000E+01  0.5122728765E+03  0.5284773779E+03
  0.6280000000E+01  0.5173956052E+03  0.5337886638E+03
  0.6290000000E+01  0.5225695613E+03  0.5391533291E+03
  0.6300000000E+01  0.5277952569E+03  0.5445719101E+03
  0.6310000000E+01  0.5330732095E+03  0.5500449488E+03
  0.6320000000E+01  0.5384039416E+03  0.5555729925E+03
  0.6330000000E+01  0.5437879810E+03  0.5611565939E+03
  0.6340000000E+01  0.5492258608E+03  0.5667963114E+03
  0.6350000000E+01  0.5547181194E+03  0.5724927090E+03
  0.6360000000E+01  0.5602653006E+03  0.5782463564E+03
  0.6370000000E+01  0.5658679536E+03  0.5840578289E+03
  0.6380000000E+01  0.5715266331E+03  0.5899277077E+03
  0.6390000000E+01  0.5772418995E+03  0.5958565797E+03
  0.6400000000E+01  0.5830143185E+03  0.6018450379E+03
  0.6410000000E+01  0.5888444617E+03  0.6078936811E+03
  0.6420000000E+01  0.5947329063E+03  0.6140031141E+03
  0.6430000000E+01  0.6006802353E+03  0.6201739480E+03
  0.6440000000E+01  0.6066870377E+03  0.6264067998E+03
  0.6450000000E+01  0.6127539081E+03  0.6327022928E+03
  0.6460000000E+01  0.6188814471E+03  0.6390610566E+03
  0.6470000000E+01  0.6250702616E+03  0.6454837270E+03
  0.6480000000E+01  0.6313209642E+03  0.6519709463E+03
  0.6490000000E+01  0.6376341739E+03  0.6585233632E+03
  0.6500000000E+01  0.6440105156E+03  0.6651416330E+03
  0.6510000000E+01  0.6504506208E+03  0.6718264176E+03
  0.6520000000E+01  0.6569551270E+03  0.6785783853E+03
  0.6530000000E+01  0.6635246782E+03  0.6853982115E+03
  0.6540000000E+01  0.6701599250E+03  0.6922865780E+03
  0.6550000000E+01  0.6768615243E+03  0.6992441738E+03
  0.6560000000E+01  0.6836301395E+03  0.7062716946E+03
  0.6570000000E+01  0.6904664409E+03  0.7133698431E+03
  0.6580000000E+01  0.6973711053E+03  0.7205393292E+03
  0.6590000000E+01  0.7043448164E+03  0.7277808699E+03
  0.6600000000E+01  0.7113882645E+03  0.7350951892E+03
  0.6610000000E+01  0.7185021472E+03  0.7424830187E+03
  0.6620000000E+01  0.7256871687E+03  0.7499450971E+03
  0.6630000000E+01  0.7329440403E+03  0.7574821706E+03
  0.6640000000E+01  0.7402734807E+03  0.7650949930E+03
  0.6650000000E+01  0.7476762156E+03  0.7727843255E+03
  0.6660000000E+01  0.7551529777E+03  0.7805509371E+03
  0.6670000000E+01  0.7627045075E+03  0.7883956045E+03
  0.6680000000E+01  0.7703315526E+03  0.7963191120E+03
  0.6690000000E+01  0.7780348681E+03  0.8043222521E+03
  0.6700000000E+01  0.7858152168E+03  0.8124058252E+03
  0.6710000000E+01  0.7936733689E+03  0.8205706395E+03
  0.6720000000E+01  0.8016101026E+03  0.8288175115E+03
  0.6730000000E+01  0.8096262037E+03  0.8371472660E+03
  0.6740000000E+01  0.8177224657E+03  0.8455607359E+03
  0.6750000000E+01  0.8258996903E+03  0.8540587625E+03
  0.6760000000E+01  0.8341586873E+03  0.8626421958E+03
  0.6770000000E+01  0.8425002741E+03  0.8713118940E+03
  0.6780000000E+01  0.8509252769E+03  0.8800687241E+03
  0.6790000000E+01  0.8594345296E+03  0.8889135618E+03
  0.6800000000E+01  0.8680288749E+03  0.8978472917E+03
  0.6810000000E+01  0.8767091637E+03  0.9068708069E+03
  0.6820000000E+01  0.8854762553E+03  0.9159850101E+03
  0.6830000000E+01  0.8943310179E+03  0.9251908125E+03
  0.6840000000E+01  0.9032743280E+03  0.9344891347E+03
  0.6850000000E+01  0.9123070713E+03  0.9438809067E+03
  0.6860000000E+01  0.9214301420E+03  0.9533670675E+03
  0.6870000000E+01  0.9306444435E+03  0.9629485658E+03
  0.6880000000E+01  0.9399508879E+03  0.9726263598E+03
  0.6890000000E+01  0.9493503968E+03  0.9824014172E+03
  0.6900000000E+01  0.9588439007E+03  0.9922747156E+03
  0.6910000000E+01  0.9684323397E+03  0.1002247242E+04
  0.6920000000E+01  0.9781166631E+03  0.1012319995E+04
  0.6930000000E+01  0.9878978298E+03  0.1022493980E+04
  0.6940000000E+01  0.9977768081E+03  0.1032770215E+04
  0.6950000000E+01  0.1007754576E+04  0.1043149728E+04
  0.6960000000E+01  0.1017832122E+04  0.1053633557E+04
  0.6970000000E+01  0.1028010443E+04  0.1064222751E+04
  0.6980000000E+01  0.1038290548E+04  0.1074918367E+04
  0.6990000000E+01  0.1048673453E+04  0.1085721476E+04
  0.7000000000E+01  0.1059160188E+04  0.1096633158E+04
  0.7010000000E+01  0.1069751789E+04  0.1107654505E+04
  0.7020000000E+01  0.1080449307E+04  0.1118786618E+04
  0.7030000000E+01  0.1091253800E+04  0.1130030610E+04
  0.7040000000E+01  0.1102166338E+04  0.1141387607E+04
  0.7050000000E+01  0.1113188002E+04  0.1152858743E+04
  0.7060000000E+01  0.1124319882E+04  0.1164445166E+04
  0.7070000000E+01  0.1135563081E+04  0.1176148034E+04
  0.7080000000E+01  0.1146918711E+04  0.1187968519E+04
  0.7090000000E+01  0.1158387899E+04  0.1199907801E+04
  0.7100000000E+01  0.1169971778E+04  0.1211967074E+04
  0.7110000000E+01  0.1181671495E+04  0.1224147546E+04
  0.7120000000E+01  0.1193488210E+04  0.1236450433E+04
  0.7130000000E+01  0.1205423092E+04  0.1248876967E+04
  0.7140000000E+01  0.1217477323E+04  0.1261428389E+04
  0.7150000000E+01  0.1229652097E+04  0.1274105955E+04
  0.7160000000E+01  0.1241948618E+04  0.1286910933E+04
  0.7170000000E+01  0.1254368104E+04  0.1299844603E+04
  0.7180000000E+01  0.1266911785E+04  0.1312908258E+04
  0.7190000000E+01  0.1279580903E+04  0.1326103206E+04
  0.7200000000E+01  0.1292376712E+04  0.1339430764E+04
  0.7210000000E+01  0.1305300479E+04  0.1352892267E+04
  0.7220000000E+01  0.1318353483E+04  0.1366489061E+04
  0.7230000000E+01  0.1331537018E+04  0.1380222504E+04
  0.7240000000E+01  0.1344852389E+04  0.1394093971E+04
  0.7250000000E+01  0.1358300912E+04  0.1408104848E+04
  0.7260000000E+01  0.1371883922E+04  0.1422256537E+04
  0.7270000000E+01  0.1385602761E+04  0.1436550453E+04
  0.7280000000E+01  0.1399458788E+04  0.1450988025E+04
  0.7290000000E+01  0.1413453376E+04  0.1465570697E+04
  0.7300000000E+01  0.1427587910E+04  0.1480299928E+04
  0.7310000000E+01  0.1441863789E+04  0.1495177189E+04
  0.7320000000E+01  0.1456282427E+04  0.1510203970E+04
  0.7330000000E+01  0.1470845251E+04  0.1525381772E+04
  0.7340000000E+01  0.1485553704E+04  0.1540712114E+04
  0.7350000000E+01  0.1500409241E+04  0.1556196528E+04
  0.7360000000E+01  0.1515413333E+04  0.1571836563E+04
  0.7370000000E+01  0.1530567467E+04  0.1587633783E+04
  0.7380000000E+01  0.1545873141E+04  0.1603589768E+04
  0.7390000000E+01  0.1561331873E+04  0.1619706113E+04
  0.7400000000E+01  0.1576945191E+04  0.1635984430E+04
  0.7410000000E+01  0.1592714643E+04  0.1652426347E+04
  0.7420000000E+01  0.1608641790E+04  0.1669033508E+04
  0.7430000000E+01  0.1624728208E+04  0.1685807573E+04
  0.7440000000E+01  0.1640975490E+04  0.1702750221E+04
  0.7450000000E+01  0.1657385245E+04  0.1719863145E+04
  0.7460000000E+01  0.1673959097E+04  0.1737148057E+04
  0.7470000000E+01  0.1690698688E+04  0.1754606686E+04
  0.7480000000E+01  0.1707605675E+04  0.1772240776E+04
  0.7490000000E+01  0.1724681732E+04  0.1790052092E+04
  0.7500000000E+01  0.1741928549E+04  0.1808042414E+04
  0.7510000000E+01  0.1759347834E+04  0.1826213543E+04
  0.7520000000E+01  0.1776941313E+04  0.1844567294E+04
  0.7530000000E+01  0.1794710726E+04  0.1863105504E+04
  0.7540000000E+01  0.1812657833E+04  0.1881830025E+04
  0.7550000000E+01  0.1830784411E+04  0.1900742731E+04
  0.7560000000E+01  0.1849092256E+04  0.1919845513E+04
  0.7570000000E+01  0.1867583178E+04  0.1939140282E+04
  0.7580000000E+01  0.1886259010E+04  0.1958628965E+04
  0.7590000000E+01  0.1905121600E+04  0.1978313514E+04
  0.7600000000E+01  0.1924172816E+04  0.1998195895E+04
  0.7610000000E+01  0.1943414544E+04  0.2018278098E+04
  0.7620000000E+01  0.1962848690E+04  0.2038562130E+04
  0.7630000000E+01  0.1982477177E+04  0.2059050020E+04
  0.7640000000E+01  0.2002301948E+04  0.2079743817E+04
  0.7650000000E+01  0.2022324968E+04  0.2100645589E+04
  0.7660000000E+01  0.2042548217E+04  0.2121757429E+04
  0.7670000000E+01  0.2062973700E+04  0.2143081445E+04
  0.7680000000E+01  0.2083603437E+04  0.2164619772E+04
  0.7690000000E+01  0.2104439471E+04  0.2186374562E+04
  0.7700000000E+01  0.2125483866E+04  0.2208347992E+04
  0.7710000000E+01  0.2146738704E+04  0.2230542258E+04
  0.7720000000E+01  0.2168206091E+04  0.2252959581E+04
  0.7730000000E+01  0.2189888152E+04  0.2275602201E+04
  0.7740000000E+01  0.2211787034E+04  0.2298472383E+04
  0.7750000000E+01  0.2233904904E+04  0.2321572415E+04
  0.7760000000E+01  0.2256243953E+04  0.2344904605E+04
  0.7770000000E+01  0.2278806393E+04  0.2368471288E+04
  0.7780000000E+01  0.2301594457E+04  0.2392274821E+04
  0.7790000000E+01  0.2324610401E+04  0.2416317582E+04
  0.7800000000E+01  0.2347856505E+04  0.2440601978E+04
  0.7810000000E+01  0.2371335070E+04  0.2465130435E+04
  0.7820000000E+01  0.2395048421E+04  0.2489905408E+04
  0.7830000000E+01  0.2418998905E+04  0.2514929373E+04
  0.7840000000E+01  0.2443188894E+04  0.2540204834E+04
  0.7850000000E+01  0.2467620783E+04  0.2565734317E+04
  0.7860000000E+01  0.2492296991E+04  0.2591520375E+04
  0.7870000000E+01  0.2517219961E+04  0.2617565588E+04
  0.7880000000E+01  0.2542392161E+04  0.2643872560E+04
  0.7890000000E+01  0.2567816082E+04  0.2670443921E+04
  0.7900000000E+01  0.2593494243E+04  0.2697282328E+04
  0.7910000000E+01  0.2619429185E+04  0.2724390466E+04
  0.7920000000E+01  0.2645623477E+04  0.2751771046E+04
  0.7930000000E+01  0.2672079712E+04  0.2779426805E+04
  0.7940000000E+01  0.2698800509E+04  0.2807360508E+04
  0.7950000000E+01  0.2725788514E+04  0.2835574950E+04
  0.7960000000E+01  0.2753046399E+04  0.2864072953E+04
  0.7970000000E+01  0.2780576863E+04  0.2892857364E+04
  0.7980000000E+01  0.2808382632E+04  0.2921931064E+04
  0.7990000000E+01  0.2836466458E+04  0.2951296959E+04
  0.8000000000E+01  0.2864831123E+04  0.2980957987E+04
  0.8010000000E+01  0.2893479434E+04  0.3010917113E+04
  0.8020000000E+01  0.2922414228E+04  0.3041177333E+04
  0.8030000000E+01  0.2951638371E+04  0.3071741673E+04
  0.8040000000E+01  0.2981154754E+04  0.3102613190E+04
  0.8050000000E+01  0.3010966302E+04  0.3133794971E+04
  0.8060000000E+01  0.3041075965E+04  0.3165290134E+04
  0.8070000000E+01  0.3071486725E+04  0.3197101829E+04
  0.8080000000E+01  0.3102201592E+04  0.3229233237E+04
  0.8090000000E+01  0.3133223608E+04  0.3261687570E+04
  0.8100000000E+01  0.3164555844E+04  0.3294468075E+04
  0.8110000000E+01  0.3196201402E+04  0.3327578030E+04
  0.8120000000E+01  0.3228163416E+04  0.3361020745E+04
  0.8130000000E+01  0.3260445051E+04  0.3394799565E+04
  0.8140000000E+01  0.3293049501E+04  0.3428917868E+04
  0.8150000000E+01  0.3325979996E+04  0.3463379065E+04
  0.8160000000E+01  0.3359239796E+04  0.3498186604E+04
  0.8170000000E+01  0.3392832194E+04  0.3533343964E+04
  0.8180000000E+01  0.3426760516E+04  0.3568854661E+04
  0.8190000000E+01  0.3461028121E+04  0.3604722246E+04
  0.8200000000E+01  0.3495638402E+04  0.3640950307E+04
  0.8210000000E+01  0.3530594786E+04  0.3677542466E+04
  0.8220000000E+01  0.3565900734E+04  0.3714502383E+04
  0.8230000000E+01  0.3601559742E+04  0.3751833752E+04
  0.8240000000E+01  0.3637575339E+04  0.3789540308E+04
  0.8250000000E+01  0.3673951092E+04  0.3827625821E+04
  0.8260000000E+01  0.3710690603E+04  0.3866094100E+04
  0.8270000000E+01  0.3747797509E+04  0.3904948992E+04
  0.8280000000E+01  0.3785275484E+04  0.3944194382E+04
  0.8290000000E+01  0.3823128239E+04  0.3983834195E+04
  0.8300000000E+01  0.3861359522E+04  0.4023872394E+04
  0.8310000000E+01  0.3899973117E+04  0.4064312984E+04
  0.8320000000E+01  0.3938972848E+04  0.4105160008E+04
  0.8330000000E+01  0.3978362577E+04  0.4146417552E+04
  0.8340000000E+01  0.4018146202E+04  0.4188089741E+04
  0.8350000000E+01  0.4058327664E+04  0.4230180743E+04
  0.8360000000E+01  0.4098910941E+04  0.4272694766E+04
  0.8370000000E+01  0.4139900050E+04  0.4315636063E+04
  0.8380000000E+01  0.4181299051E+04  0.4359008926E+04
  0.8390000000E+01  0.4223112041E+04  0.4402817694E+04
  0.8400000000E+01  0.4265343162E+04  0.4447066748E+04
  0.8410000000E+01  0.4307996593E+04  0.4491760512E+04
  0.8420000000E+01  0.4351076559E+04  0.4536903455E+04
  0.8430000000E+01  0.4394587325E+04  0.4582500093E+04
  0.8440000000E+01  0.4438533198E+04  0.4628554985E+04
  0.8450000000E+01  0.4482918530E+04  0.4675072736E+04
  0.8460000000E+01  0.4527747715E+04  0.4722057998E+04
  0.8470000000E+01  0.4573025193E+04  0.4769515469E+04
  0.8480000000E+01  0.4618755445E+04  0.4817449897E+04
  0.8490000000E+01  0.4664942999E+04  0.4865866073E+04
  0.8500000000E+01  0.4711592429E+04  0.4914768840E+04
  0.8510000000E+01  0.4758708353E+04  0.4964163088E+04
  0.8520000000E+01  0.4806295437E+04  0.5014053757E+04
  0.8530000000E+01  0.4854358391E+04  0.5064445835E+04
  0.8540000000E+01  0.4902901975E+04  0.5115344362E+04
  0.8550000000E+01  0.4951930995E+04  0.5166754427E+04
  0.8560000000E+01  0.5001450305E+04  0.5218681172E+04
  0.8570000000E+01  0.5051464808E+04  0.5271129790E+04
  0.8580000000E+01  0.5101979456E+04  0.5324105525E+04
  0.8590000000E+01  0.5152999250E+04  0.5377613675E+04
  0.8600000000E+01  0.5204529243E+04  0.5431659591E+04
  0.8610000000E+01  0.5256574535E+04  0.5486248678E+04
  0.8620000000E+01  0.5309140281E+04  0.5541386394E+04
  0.8630000000E+01  0.5362231684E+04  0.5597078253E+04
  0.8640000000E+01  0.5415854000E+04  0.5653329824E+04
  0.8650000000E+01  0.5470012540E+04  0.5710146734E+04
  0.8660000000E+01  0.5524712666E+04  0.5767534663E+04
  0.8670000000E+01  0.5579959792E+04  0.5825499350E+04
  0.8680000000E+01  0.5635759390E+04  0.5884046591E+04
  0.8690000000E+01  0.5692116984E+04  0.5943182243E+04
  0.8700000000E+01  0.5749038154E+04  0.6002912217E+04
  0.8710000000E+01  0.5806528536E+04  0.6063242488E+04
  0.8720000000E+01  0.5864593821E+04  0.6124179088E+04
  0.8730000000E+01  0.5923239759E+04  0.6185728111E+04
  0.8740000000E+01  0.5982472157E+04  0.6247895712E+04
  0.8750000000E+01  0.6042296878E+04  0.6310688108E+04
  0.8760000000E+01  0.6102719847E+04  0.6374111578E+04
  0.8770000000E+01  0.6163747046E+04  0.6438172464E+04
  0.8780000000E+01  0.6225384516E+04  0.6502877173E+04
  0.8790000000E+01  0.6287638361E+04  0.6568232175E+04
  0.8800000000E+01  0.6350514745E+04  0.6634244006E+04
  0.8810000000E+01  0.6414019892E+04  0.6700919267E+04
  0.8820000000E+01  0.6478160091E+04  0.6768264625E+04
  0.8830000000E+01  0.6542941692E+04  0.6836286816E+04
  0.8840000000E+01  0.6608371109E+04  0.6904992640E+04
  0.8850000000E+01  0.6674454820E+04  0.6974388970E+04
  0.8860000000E+01  0.6741199368E+04  0.7044482745E+04
  0.8870000000E+01  0.6808611362E+04  0.7115280973E+04
  0.8880000000E+01  0.6876697476E+04  0.7186790736E+04
  0.8890000000E+01  0.6945464450E+04  0.7259019183E+04
  0.8900000000E+01  0.7014919095E+04  0.7331973539E+04
  0.8910000000E+01  0.7085068286E+04  0.7405661098E+04
  0.8920000000E+01  0.7155918969E+04  0.7480089230E+04
  0.8930000000E+01  0.7227478158E+04  0.7555265376E+04
  0.8940000000E+01  0.7299752940E+04  0.7631197056E+04
  0.8950000000E+01  0.7372750469E+04  0.7707891861E+04
  0.8960000000E+01  0.7446477974E+04  0.7785357462E+04
  0.8970000000E+01  0.7520942754E+04  0.7863601605E+04
  0.8980000000E+01  0.7596152181E+04  0.7942632116E+04
  0.8990000000E+01  0.7672113703E+04  0.8022456895E+04
  0.9000000000E+01  0.7748834840E+04  0.8103083928E+04
  0.9010000000E+01  0.7826323189E+04  0.8184521275E+04
  0.9020000000E+01  0.7904586421E+04  0.8266777081E+04
  0.9030000000E+01  0.7983632285E+04  0.8349859572E+04
  0.9040000000E+01  0.8063468608E+04  0.8433777056E+04
  0.9050000000E+01  0.8144103294E+04  0.8518537925E+04
  0.9060000000E+01  0.8225544327E+04  0.8604150654E+04
  0.9070000000E+01  0.8307799770E+04  0.8690623806E+04
  0.9080000000E+01  0.8390877768E+04  0.8777966027E+04
  0.9090000000E+01  0.8474786545E+04  0.8866186052E+04
  0.9100000000E+01  0.8559534411E+04  0.8955292703E+04
  0.9110000000E+01  0.8645129755E+04  0.9045294891E+04
  0.9120000000E+01  0.8731581052E+04  0.9136201616E+04
  0.9130000000E+01  0.8818896863E+04  0.9228021969E+04
  0.9140000000E+01  0.8907085832E+04  0.9320765132E+04
  0.9150000000E+01  0.8996156690E+04  0.9414440379E+04
  0.9160000000E+01  0.9086118257E+04  0.9509057078E+04
  0.9170000000E+01  0.9176979439E+04  0.9604624690E+04
  0.9180000000E+01  0.9268749234E+04  0.9701152773E+04
  0.9190000000E+01  0.9361436726E+04  0.9798650979E+04
  0.9200000000E+01  0.9455051093E+04  0.9897129059E+04
  0.9210000000E+01  0.9549601604E+04  0.9996596859E+04
  0.9220000000E+01  0.9645097620E+04  0.1009706433E+05
  0.9230000000E+01  0.9741548596E+04  0.1019854151E+05
  0.9240000000E+01  0.9838964082E+04  0.1030103856E+05
  0.9250000000E+01  0.9937353723E+04  0.1040456572E+05
  0.9260000000E+01  0.1003672726E+05  0.1050913334E+05
  0.9270000000E+01  0.1013709453E+05  0.1061475189E+05
  0.9280000000E+01  0.1023846548E+05  0.1072143192E+05
  0.9290000000E+01  0.1034085013E+05  0.1082918410E+05
  0.9300000000E+01  0.1044425863E+05  0.1093801921E+05
  0.9310000000E+01  0.1054870122E+05  0.1104794813E+05
  0.9320000000E+01  0.1065418823E+05  0.1115898185E+05
  0.9330000000E+01  0.1076073012E+05  0.1127113149E+05
  0.9340000000E+01  0.1086833742E+05  0.1138440824E+05
  0.9350000000E+01  0.1097702079E+05  0.1149882345E+05
  0.9360000000E+01  0.1108679100E+05  0.1161438854E+05
  0.9370000000E+01  0.1119765891E+05  0.1173111509E+05
  0.9380000000E+01  0.1130963550E+05  0.1184901475E+05
  0.9390000000E+01  0.1142273185E+05  0.1196809933E+05
  0.9400000000E+01  0.1153695917E+05  0.1208838073E+05
  0.9410000000E+01  0.1165232876E+05  0.1220987098E+05
  0.9420000000E+01  0.1176885205E+05  0.1233258222E+05
  0.9430000000E+01  0.1188654057E+05  0.1245652673E+05
  0.9440000000E+01  0.1200540598E+05  0.1258171691E+05
  0.9450000000E+01  0.1212546004E+05  0.1270816526E+05
  0.9460000000E+01  0.1224671464E+05  0.1283588445E+05
  0.9470000000E+01  0.1236918178E+05  0.1296488723E+05
  0.9480000000E+01  0.1249287360E+05  0.1309518651E+05
  0.9490000000E+01  0.1261780234E+05  0.1322679533E+05
  0.9500000000E+01  0.1274398036E+05  0.1335972683E+05
  0.9510000000E+01  0.1287142016E+05  0.1349399432E+05
  0.9520000000E+01  0.1300013437E+05  0.1362961121E+05
  0.9530000000E+01  0.1313013571E+05  0.1376659108E+05
  0.9540000000E+01  0.1326143707E+05  0.1390494762E+05
  0.9550000000E+01  0.1339405144E+05  0.1404469467E+05
  0.9560000000E+01  0.1352799195E+05  0.1418584620E+05
  0.9570000000E+01  0.1366327187E+05  0.1432841632E+05
  0.9580000000E+01  0.1379990459E+05  0.1447241930E+05
  0.9590000000E+01  0.1393790364E+05  0.1461786953E+05
  0.9600000000E+01  0.1407728267E+05  0.1476478157E+05
  0.9610000000E+01  0.1421805550E+05  0.1491317009E+05
  0.9620000000E+01  0.1436023605E+05  0.1506304994E+05
  0.9630000000E+01  0.1450383841E+05  0.1521443611E+05
  0.9640000000E+01  0.1464887680E+05  0.1536734373E+05
  0.9650000000E+01  0.1479536557E+05  0.1552178810E+05
  0.9660000000E+01  0.1494331922E+05  0.1567778467E+05
  0.9670000000E+01  0.1509275241E+05  0.1583534902E+05
  0.9680000000E+01  0.1524367994E+05  0.1599449693E+05
  0.9690000000E+01  0.1539611674E+05  0.1615524429E+05
  0.9700000000E+01  0.1555007791E+05  0.1631760720E+05
  0.9710000000E+01  0.1570557868E+05  0.1648160188E+05
  0.9720000000E+01  0.1586263447E+05  0.1664724473E+05
  0.9730000000E+01  0.1602126082E+05  0.1681455232E+05
  0.9740000000E+01  0.1618147342E+05  0.1698354138E+05
  0.9750000000E+01  0.1634328816E+05  0.1715422881E+05
  0.9760000000E+01  0.1650672104E+05  0.1732663168E+05
  0.9770000000E+01  0.1667178825E+05  0.1750076722E+05
  0.9780000000E+01  0.1683850613E+05  0.1767665285E+05
  0.9790000000E+01  0.1700689119E+05  0.1785430617E+05
  0.9800000000E+01  0.1717696011E+05  0.1803374493E+05
  0.9810000000E+01  0.1734872971E+05  0.1821498708E+05
  0.9820000000E+01  0.1752221700E+05  0.1839805074E+05
  0.9830000000E+01  0.1769743917E+05  0.1858295423E+05
  0.9840000000E+01  0.1787441357E+05  0.1876971602E+05
  0.9850000000E+01  0.1805315770E+05  0.1895835480E+05
  0.9860000000E+01  0.1823368928E+05  0.1914888944E+05
  0.9870000000E+01  0.1841602617E+05  0.1934133897E+05
  0.9880000000E+01  0.1860018643E+05  0.1953572266E+05
  0.9890000000E+01  0.1878618830E+05  0.1973205994E+05
  0.9900000000E+01  0.1897405018E+05  0.1993037044E+05
  0.9910000000E+01  0.1916379068E+05  0.2013067399E+05
  0.9920000000E+01  0.1935542859E+05  0.2033299063E+05
  0.9930000000E+01  0.1954898287E+05  0.2053734058E+05
  0.9940000000E+01  0.1974447270E+05  0.2074374429E+05
  0.9950000000E+01  0.1994191743E+05  0.2095222238E+05
  0.9960000000E+01  0.2014133660E+05  0.2116279572E+05
  0.9970000000E+01  0.2034274997E+05  0.2137548535E+05
  0.9980000000E+01  0.2054617747E+05  0.2159031255E+05
  0.9990000000E+01  0.2075163925E+05  0.2180729880E+05
  0.1000000000E+02  0.2095915564E+05  0.2202646579E+05
