   1.0000000000000000     
   1.0000000000000000     
   2.0000000000000000     
   3.0000000000000000     
   5.0000000000000000     
   8.0000000000000000     
   13.000000000000000     
   21.000000000000000     
   34.000000000000000     
   55.000000000000000     
   89.000000000000000     
   144.00000000000000     
   233.00000000000000     
   377.00000000000000     
   610.00000000000000     
   987.00000000000000     
   1597.0000000000000     
   2584.0000000000000     
   4181.0000000000000     
   6765.0000000000000     
   10946.000000000000     
   17711.000000000000     
   28657.000000000000     
   46368.000000000000     
   75025.000000000000     
   121393.00000000000     
   196418.00000000000     
   317811.00000000000     
   514229.00000000000     
   832040.00000000000     
   1346269.0000000000     
   2178309.0000000000     
   3524578.0000000000     
   5702887.0000000000     
   9227465.0000000000     
   14930352.000000000     
   24157817.000000000     
   39088169.000000000     
   63245986.000000000     
   102334155.00000000     
   165580141.00000000     
   267914296.00000000     
   433494437.00000000     
   701408733.00000000     
   1134903170.0000000     
   1836311903.0000000     
   2971215073.0000000     
   4807526976.0000000     
   7778742049.0000000     
   12586269025.000000     
   20365011074.000000     
   32951280099.000000     
   53316291173.000000     
   86267571272.000000     
   139583862445.00000     
   225851433717.00000     
   365435296162.00000     
   591286729879.00000     
   956722026041.00000     
   1548008755920.0000     
   2504730781961.0000     
   4052739537881.0000     
   6557470319842.0000     
   10610209857723.000     
   17167680177565.000     
   27777890035288.000     
   44945570212853.000     
   72723460248141.000     
   117669030460994.00     
   190392490709135.00     
   308061521170129.00     
   498454011879264.00     
   806515533049393.00     
   1304969544928657.0     
   2111485077978050.0     
   3416454622906707.0     
   5527939700884757.0     
   8944394323791464.0     
   14472334024676220.     
   23416728348467684.     
   37889062373143904.     
   61305790721611584.     
   99194853094755488.     
   1.6050064381636707E+017
   2.5969549691112256E+017
   4.2019614072748966E+017
   6.7989163763861222E+017
   1.1000877783661019E+018
   1.7799794160047140E+018
   2.8800671943708160E+018
   4.6600466103755305E+018
   7.5401138047463465E+018
   1.2200160415121877E+019
   1.9740274219868226E+019
   3.1940434634990100E+019
   5.1680708854858326E+019
   8.3621143489848426E+019
   1.3530185234470676E+020
   2.1892299583455520E+020
   3.5422484817926200E+020
   5.7314784401381720E+020
   9.2737269219307920E+020
   1.5005205362068963E+021
